0,1 
1,1 
2,1 
3,1 
4,1 
5,1 
6,1 
7,1 
8,1 
9,2 
10,2 
11,2 
12,2 
13,2 
14,2 
15,2 
16,2 
17,2 
18,2 
19,3 
20,3 
21,3 
22,3 
23,3 
24,3 
25,3 
26,3 
27,3 
28,4 
29,4 
30,4 
31,4 
32,4 
33,4 
34,4 
35,4 
36,5 
37,5 
38,5 
39,5 
40,5 
41,5 
42,5 
43,5 
44,5 
45,6 
46,6 
47,6 
48,6 
49,6 
50,6 
51,6 
52,6 
53,7 
54,7 
55,7 
56,7 
57,7 
58,7 
59,7 
60,7 
61,8 
62,8 
63,8 
64,8 
65,8 
66,8 
67,8 
68,8 
69,8 
70,9 
71,9 
72,9 
73,9 
74,9 
75,9 
76,9 
77,9 
78,9 
79,10 
80,10 
81,10 
82,10 
83,10 
84,10 
85,10 
86,10 
87,10 
88,11 
89,11 
90,11 
91,11 
92,11 
93,11 
94,11 
95,11 
96,12 
97,12 
98,12 
99,12 
100,12 
101,12 
102,12 
103,12 
104,13 
105,13 
106,13 
107,13 
108,13 
109,13 
110,13 
111,14 
112,14 
113,14 
114,14 
115,14 
116,14 
117,14 
118,14 
119,15 
120,15 
121,15 
122,15 
123,15 
124,15 
125,15 
126,15 
127,16 
128,16 
129,16 
130,16 
131,16 
132,16 
133,17 
134,17 
135,17 
136,17 
137,17 
138,17 
139,17 
140,18 
141,18 
142,18 
143,18 
144,18 
145,18 
146,19 
147,19 
148,19 
149,19 
150,19 
151,19 
152,20 
153,20 
154,20 
155,20 
156,20 
157,20 
158,20 
159,20 
160,21 
161,21 
162,21 
163,21 
164,21 
165,21 
166,21 
167,22 
168,22 
169,22 
170,22 
171,22 
172,22 
173,22 
174,22 
175,23 
176,23 
177,23 
178,23 
179,23 
180,23 
181,23 
182,24 
183,24 
184,24 
185,24 
186,24 
187,24 
188,24 
189,24 
190,24 
191,25 
192,25 
193,25 
194,25 
195,25 
196,25 
197,26 
198,26 
199,26 
200,26 
201,26 
202,26 
203,26 
204,27 
205,27 
206,27 
207,27 
208,27 
209,27 
210,27 
211,27 
212,28 
213,28 
214,28 
215,28 
216,28 
217,28 
218,28 
219,29 
220,29 
221,29 
222,29 
223,29 
224,29 
225,29 
226,30 
227,30 
228,30 
229,30 
230,30 
231,30 
232,31 
233,31 
234,31 
235,31 
236,31 
237,31 
238,31 
239,32 
240,32 
241,32 
242,32 
243,32 
244,32 
245,32 
246,33 
247,33 
248,33 
249,33 
250,33 
251,33 
252,34 
253,34 
254,34 
255,34 
256,34 
257,34 
258,34 
259,34 
260,35 
261,35 
262,35 
263,35 
264,35 
265,35 
266,36 
267,36 
268,36 
269,36 
270,36 
271,36 
272,36 
273,37 
274,37 
275,37 
276,37 
277,37 
278,37 
279,37 
280,38 
281,38 
282,38 
283,38 
284,38 
285,38 
286,39 
287,39 
288,39 
289,39 
290,39 
291,39 
292,39 
293,40 
294,40 
295,40 
296,40 
297,40 
298,40 
299,40 
300,41 
301,41 
302,41 
303,41 
304,41 
305,41 
306,41 
307,41 
308,42 
309,42 
310,42 
311,42 
312,42 
313,42 
314,43 
315,43 
316,43 
317,43 
318,43 
319,43 
320,43 
321,44 
322,44 
323,44 
324,44 
325,44 
326,44 
327,45 
328,45 
329,45 
330,45 
331,45 
332,45 
333,45 
334,45 
335,46 
336,46 
337,46 
338,46 
339,46 
340,46 
341,46 
342,46 
343,47 
344,47 
345,47 
346,47 
347,47 
348,47 
349,47 
350,47 
351,48 
352,48 
353,48 
354,48 
355,48 
356,48 
357,48 
358,49 
359,49 
360,49 
361,49 
362,49 
363,49 
364,50 
365,50 
366,50 
367,50 
368,50 
369,51 
370,51 
371,51 
372,51 
373,51 
374,51 
375,51 
376,52 
377,52 
378,52 
379,52 
380,52 
381,52 
382,52 
383,53 
384,53 
385,53 
386,53 
387,53 
388,53 
389,54 
390,54 
391,54 
392,54 
393,54 
394,55 
395,55 
396,55 
397,55 
398,55 
399,55 
400,56 
401,56 
402,56 
403,56 
404,56 
405,57 
406,57 
407,57 
408,57 
409,57 
410,58 
411,58 
412,58 
413,59 
414,59 
415,59 
416,59 
417,59 
418,59 
419,60 
420,60 
421,60 
422,60 
423,60 
424,60 
425,61 
426,61 
427,61 
428,61 
429,62 
430,62 
431,62 
432,62 
433,62 
434,63 
435,63 
436,63 
437,63 
438,63 
439,63 
440,63 
441,64 
442,64 
443,64 
444,64 
445,64 
446,64 
447,65 
448,65 
449,65 
450,65 
451,65 
452,65 
453,65 
454,66 
455,66 
456,66 
457,66 
458,66 
459,66 
460,67 
461,67 
462,67 
463,67 
464,67 
465,67 
466,68 
467,68 
468,68 
469,68 
470,68 
471,68 
472,69 
473,69 
474,69 
475,69 
476,69 
477,69 
478,70 
479,70 
480,70 
481,70 
482,70 
483,70 
484,71 
485,71 
486,71 
487,71 
488,71 
489,71 
490,72 
491,72 
492,72 
493,72 
494,72 
495,72 
496,72 
497,73 
498,73 
499,73 
500,73 
501,73 
502,74 
503,74 
504,74 
505,74 
506,74 
507,75 
508,75 
509,75 
510,75 
511,75 
512,76 
513,76 
514,76 
515,76 
516,76 
517,76 
518,77 
519,77 
520,77 
521,77 
522,77 
523,78 
524,78 
525,78 
526,78 
527,78 
528,79 
529,79 
530,79 
531,79 
532,79 
533,80 
534,80 
535,80 
536,80 
537,81 
538,81 
539,81 
540,81 
541,81 
542,82 
543,82 
544,82 
545,82 
546,82 
547,82 
548,83 
549,83 
550,83 
551,83 
552,83 
553,83 
554,84 
555,84 
556,84 
557,84 
558,84 
559,85 
560,85 
561,85 
562,85 
563,85 
564,85 
565,85 
566,86 
567,86 
568,86 
569,86 
570,86 
571,86 
572,86 
573,87 
574,87 
575,87 
576,87 
577,87 
578,87 
579,87 
580,88 
581,88 
582,88 
583,88 
584,88 
585,88 
586,88 
587,88 
588,89 
589,89 
590,89 
591,89 
592,89 
593,89 
594,89 
595,90 
596,90 
597,90 
598,90 
599,90 
600,91 
601,91 
602,91 
603,91 
604,91 
605,91 
606,92 
607,92 
608,92 
609,92 
610,92 
611,92 
612,93 
613,93 
614,93 
615,93 
616,93 
617,93 
618,93 
619,94 
620,94 
621,94 
622,94 
623,94 
624,94 
625,95 
626,95 
627,95 
628,95 
629,95 
630,95 
631,96 
632,96 
633,96 
634,96 
635,96 
636,96 
637,97 
638,97 
639,97 
640,97 
641,97 
642,97 
643,97 
644,98 
645,98 
646,98 
647,98 
648,98 
649,98 
650,99 
651,99 
652,99 
653,99 
654,99 
655,99 
656,100 
657,100 
658,100 
659,100 
660,100 
661,100 
662,101 
663,101 
664,101 
665,101 
666,101 
667,101 
668,101 
669,102 
670,102 
671,102 
672,102 
673,102 
674,102 
675,102 
676,103 
677,103 
678,103 
679,103 
680,103 
681,103 
682,103 
683,104 
684,104 
685,104 
686,104 
687,104 
688,104 
689,104 
690,105 
691,105 
692,105 
693,105 
694,105 
695,105 
696,106 
697,106 
698,106 
699,106 
700,106 
701,106 
702,107 
703,107 
704,107 
705,107 
706,107 
707,108 
708,108 
709,108 
710,108 
711,108 
712,109 
713,109 
714,109 
715,109 
716,109 
717,110 
718,110 
719,110 
720,110 
721,110 
722,111 
723,111 
724,111 
725,111 
726,111 
727,111 
728,112 
729,112 
730,112 
731,112 
732,112 
733,113 
734,113 
735,113 
736,113 
737,113 
738,113 
739,114 
740,114 
741,114 
742,114 
743,114 
744,114 
745,114 
746,115 
747,115 
748,115 
749,115 
750,115 
751,115 
752,115 
753,116 
754,116 
755,116 
756,116 
757,116 
758,116 
759,117 
760,117 
761,117 
762,117 
763,117 
764,117 
765,118 
766,118 
767,118 
768,118 
769,118 
770,118 
771,118 
772,118 
773,119 
774,119 
775,119 
776,119 
777,119 
778,119 
779,119 
780,120 
781,120 
782,120 
783,120 
784,120 
785,120 
786,120 
787,121 
788,121 
789,121 
790,121 
791,121 
792,121 
793,122 
794,122 
795,122 
796,122 
797,122 
798,123 
799,123 
800,123 
801,123 
802,123 
803,123 
804,123 
805,124 
806,124 
807,124 
808,124 
809,124 
810,125 
811,125 
812,125 
813,125 
814,125 
815,126 
816,126 
817,126 
818,126 
819,126 
820,126 
821,127 
822,127 
823,127 
824,127 
825,127 
826,127 
827,127 
828,128 
829,128 
830,128 
831,128 
832,128 
833,128 
834,128 
835,129 
836,129 
837,129 
838,129 
839,129 
840,129 
841,129 
842,130 
843,130 
844,130 
845,130 
846,130 
847,130 
848,131 
849,131 
850,131 
851,131 
852,131 
853,131 
854,131 
855,132 
856,132 
857,132 
858,132 
859,132 
860,132 
861,132 
862,133 
863,133 
864,133 
865,133 
866,133 
867,134 
868,134 
869,134 
870,134 
871,134 
872,134 
873,134 
874,135 
875,135 
876,135 
877,135 
878,135 
879,135 
880,136 
881,136 
882,136 
883,136 
884,136 
885,136 
886,137 
887,137 
888,137 
889,137 
890,137 
891,137 
892,138 
893,138 
894,138 
895,138 
896,138 
897,138 
898,138 
899,138 
900,139 
901,139 
902,139 
903,139 
904,139 
905,139 
906,140 
907,140 
908,140 
909,140 
910,140 
911,140 
912,141 
913,141 
914,141 
915,141 
916,141 
917,141 
918,141 
919,142 
920,142 
921,142 
922,142 
923,142 
924,142 
925,142 
926,143 
927,143 
928,143 
929,143 
930,143 
931,143 
932,143 
933,143 
934,144 
935,144 
936,144 
937,144 
938,144 
939,144 
940,144 
941,145 
942,145 
943,145 
944,145 
945,145 
946,145 
947,145 
948,145 
949,146 
950,146 
951,146 
952,146 
953,146 
954,146 
955,146 
956,146 
957,147 
958,147 
959,147 
960,147 
961,147 
962,147 
963,147 
964,148 
965,148 
966,148 
967,148 
968,148 
969,148 
970,148 
971,148 
972,149 
973,149 
974,149 
975,149 
976,149 
977,149 
978,149 
979,149 
980,150 
981,150 
982,150 
983,150 
984,150 
985,150 
986,150 
987,150 
988,151 
989,151 
990,151 
991,151 
992,151 
993,151 
994,151 
995,152 
996,152 
997,152 
998,152 
999,152 
1000,152 
1001,152 
1002,152 
1003,153 
1004,153 
1005,153 
1006,153 
1007,153 
1008,153 
1009,153 
1010,154 
1011,154 
1012,154 
1013,154 
1014,154 
1015,154 
1016,154 
1017,155 
1018,155 
1019,155 
1020,155 
1021,155 
1022,155 
1023,155 
1024,156 
1025,156 
1026,156 
1027,156 
1028,156 
1029,156 
1030,156 
1031,156 
1032,157 
1033,157 
1034,157 
1035,157 
1036,157 
1037,157 
1038,157 
1039,157 
1040,157 
1041,158 
1042,158 
1043,158 
1044,158 
1045,158 
1046,158 
1047,158 
1048,158 
1049,159 
1050,159 
1051,159 
1052,159 
1053,159 
1054,159 
1055,159 
1056,160 
1057,160 
1058,160 
1059,160 
1060,160 
1061,160 
1062,160 
1063,161 
1064,161 
1065,161 
1066,161 
1067,161 
1068,161 
1069,161 
1070,161 
1071,162 
1072,162 
1073,162 
1074,162 
1075,162 
1076,163 
1077,163 
1078,163 
1079,163 
1080,163 
1081,163 
1082,163 
1083,164 
1084,164 
1085,164 
1086,164 
1087,165 
1088,165 
1089,165 
1090,165 
1091,165 
1092,166 
1093,166 
1094,166 
1095,166 
1096,166 
1097,166 
1098,167 
1099,167 
1100,167 
1101,167 
1102,167 
1103,168 
1104,168 
1105,168 
1106,168 
1107,168 
1108,168 
1109,168 
1110,169 
1111,169 
1112,169 
1113,169 
1114,169 
1115,169 
1116,169 
1117,170 
1118,170 
1119,170 
1120,170 
1121,170 
1122,170 
1123,170 
1124,171 
1125,171 
1126,171 
1127,171 
1128,171 
1129,171 
1130,172 
1131,172 
1132,172 
1133,172 
1134,172 
1135,173 
1136,173 
1137,173 
1138,173 
1139,173 
1140,173 
1141,174 
1142,174 
1143,174 
1144,174 
1145,174 
1146,175 
1147,175 
1148,175 
1149,175 
1150,175 
1151,175 
1152,176 
1153,176 
1154,176 
1155,176 
1156,176 
1157,176 
1158,176 
1159,176 
1160,177 
1161,177 
1162,177 
1163,177 
1164,177 
1165,177 
1166,177 
1167,177 
1168,178 
1169,178 
1170,178 
1171,178 
1172,178 
1173,178 
1174,178 
1175,179 
1176,179 
1177,179 
1178,179 
1179,179 
1180,179 
1181,179 
1182,180 
1183,180 
1184,180 
1185,180 
1186,180 
1187,180 
1188,180 
1189,181 
1190,181 
1191,181 
1192,181 
1193,181 
1194,181 
1195,181 
1196,182 
1197,182 
1198,182 
1199,182 
1200,182 
1201,182 
1202,182 
1203,182 
1204,183 
1205,183 
1206,183 
1207,183 
1208,183 
1209,183 
1210,183 
1211,184 
1212,184 
1213,184 
1214,184 
1215,184 
1216,184 
1217,184 
1218,185 
1219,185 
1220,185 
1221,185 
1222,185 
1223,185 
1224,185 
1225,186 
1226,186 
1227,186 
1228,186 
1229,186 
1230,186 
1231,186 
1232,186 
1233,187 
1234,187 
1235,187 
1236,187 
1237,187 
1238,187 
1239,187 
1240,188 
1241,188 
1242,188 
1243,188 
1244,188 
1245,188 
1246,188 
1247,189 
1248,189 
1249,189 
1250,189 
1251,189 
1252,189 
1253,189 
1254,189 
1255,189 
1256,190 
1257,190 
1258,190 
1259,190 
1260,190 
1261,190 
1262,190 
1263,190 
1264,190 
1265,190 
1266,191 
1267,191 
1268,191 
1269,191 
1270,191 
1271,191 
1272,191 
1273,191 
1274,191 
1275,191 
1276,192 
1277,192 
1278,192 
1279,192 
1280,192 
1281,192 
1282,192 
1283,192 
1284,193 
1285,193 
1286,193 
1287,193 
1288,193 
1289,193 
1290,193 
1291,193 
1292,193 
1293,194 
1294,194 
1295,194 
1296,194 
1297,194 
1298,194 
1299,194 
1300,194 
1301,195 
1302,195 
1303,195 
1304,195 
1305,195 
1306,195 
1307,195 
1308,195 
1309,196 
1310,196 
1311,196 
1312,196 
1313,196 
1314,196 
1315,196 
1316,196 
1317,196 
1318,197 
1319,197 
1320,197 
1321,197 
1322,197 
1323,197 
1324,197 
1325,197 
1326,197 
1327,198 
1328,198 
1329,198 
1330,198 
1331,198 
1332,198 
1333,198 
1334,199 
1335,199 
1336,199 
1337,199 
1338,199 
1339,199 
1340,199 
1341,200 
1342,200 
1343,200 
1344,200 
1345,200 
1346,200 
1347,200 
1348,200 
1349,200 
1350,201 
1351,201 
1352,201 
1353,201 
1354,201 
1355,201 
1356,201 
1357,201 
1358,201 
1359,202 
1360,202 
1361,202 
1362,202 
1363,202 
1364,202 
1365,202 
1366,202 
1367,202 
1368,203 
1369,203 
1370,203 
1371,203 
1372,203 
1373,203 
1374,203 
1375,203 
1376,204 
1377,204 
1378,204 
1379,204 
1380,204 
1381,204 
1382,204 
1383,204 
1384,204 
1385,205 
1386,205 
1387,205 
1388,205 
1389,205 
1390,205 
1391,205 
1392,205 
1393,205 
1394,205 
1395,206 
1396,206 
1397,206 
1398,206 
1399,206 
1400,206 
1401,206 
1402,206 
1403,207 
1404,207 
1405,207 
1406,207 
1407,207 
1408,207 
1409,207 
1410,208 
1411,208 
1412,208 
1413,208 
1414,208 
1415,208 
1416,208 
1417,208 
1418,208 
1419,209 
1420,209 
1421,209 
1422,209 
1423,209 
1424,209 
1425,209 
1426,209 
1427,209 
1428,210 
1429,210 
1430,210 
1431,210 
1432,210 
1433,210 
1434,210 
1435,211 
1436,211 
1437,211 
1438,211 
1439,211 
1440,211 
1441,211 
1442,211 
1443,212 
1444,212 
1445,212 
1446,212 
1447,212 
1448,212 
1449,212 
1450,212 
1451,212 
1452,213 
1453,213 
1454,213 
1455,213 
1456,213 
1457,213 
1458,213 
1459,214 
1460,214 
1461,214 
1462,214 
1463,214 
1464,214 
1465,214 
1466,214 
1467,214 
1468,215 
1469,215 
1470,215 
1471,215 
1472,215 
1473,215 
1474,215 
1475,215 
1476,215 
1477,216 
1478,216 
1479,216 
1480,216 
1481,216 
1482,216 
1483,216 
1484,216 
1485,216 
1486,217 
1487,217 
1488,217 
1489,217 
1490,217 
1491,217 
1492,217 
1493,217 
1494,218 
1495,218 
1496,218 
1497,218 
1498,218 
1499,218 
1500,218 
1501,219 
1502,219 
1503,219 
1504,219 
1505,219 
1506,219 
1507,219 
1508,220 
1509,220 
1510,220 
1511,220 
1512,220 
1513,220 
1514,220 
1515,220 
1516,221 
1517,221 
1518,221 
1519,221 
1520,221 
1521,221 
1522,221 
1523,222 
1524,222 
1525,222 
1526,222 
1527,222 
1528,222 
1529,223 
1530,223 
1531,223 
1532,223 
1533,223 
1534,223 
1535,224 
1536,224 
1537,224 
1538,224 
1539,224 
1540,225 
1541,225 
1542,225 
1543,225 
1544,225 
1545,225 
1546,225 
1547,226 
1548,226 
1549,226 
1550,226 
1551,226 
1552,226 
1553,227 
1554,227 
1555,227 
1556,227 
1557,227 
1558,228 
1559,228 
1560,228 
1561,228 
1562,228 
1563,228 
1564,228 
1565,229 
1566,229 
1567,229 
1568,229 
1569,229 
1570,229 
1571,229 
1572,230 
1573,230 
1574,230 
1575,230 
1576,230 
1577,230 
1578,231 
1579,231 
1580,231 
1581,231 
1582,231 
1583,231 
1584,231 
1585,232 
1586,232 
1587,232 
1588,232 
1589,232 
1590,232 
1591,232 
1592,233 
1593,233 
1594,233 
1595,233 
1596,233 
1597,233 
1598,234 
1599,234 
1600,234 
1601,234 
1602,234 
1603,234 
1604,235 
1605,235 
1606,235 
1607,235 
1608,235 
1609,235 
1610,235 
1611,236 
1612,236 
1613,236 
1614,236 
1615,236 
1616,236 
1617,236 
1618,236 
1619,237 
1620,237 
1621,237 
1622,237 
1623,237 
1624,237 
1625,237 
1626,237 
1627,237 
1628,237 
1629,238 
1630,238 
1631,238 
1632,238 
1633,238 
1634,238 
1635,238 
1636,238 
1637,238 
1638,239 
1639,239 
1640,239 
1641,239 
1642,239 
1643,239 
1644,239 
1645,239 
1646,239 
1647,239 
1648,240 
1649,240 
1650,240 
1651,240 
1652,240 
1653,240 
1654,240 
1655,240 
1656,240 
1657,241 
1658,241 
1659,241 
1660,241 
1661,241 
1662,241 
1663,241 
1664,242 
1665,242 
1666,242 
1667,242 
1668,242 
1669,242 
1670,242 
1671,242 
1672,243 
1673,243 
1674,243 
1675,243 
1676,243 
1677,243 
1678,243 
1679,244 
1680,244 
1681,244 
1682,244 
1683,244 
1684,244 
1685,244 
1686,245 
1687,245 
1688,245 
1689,245 
1690,245 
1691,245 
1692,245 
1693,245 
1694,245 
1695,245 
1696,246 
1697,246 
1698,246 
1699,246 
1700,246 
1701,246 
1702,246 
1703,246 
1704,247 
1705,247 
1706,247 
1707,247 
1708,247 
1709,247 
1710,247 
1711,247 
1712,247 
1713,248 
1714,248 
1715,248 
1716,248 
1717,248 
1718,248 
1719,248 
1720,248 
1721,248 
1722,249 
1723,249 
1724,249 
1725,249 
1726,249 
1727,249 
1728,249 
1729,249 
1730,249 
1731,249 
1732,250 
1733,250 
1734,250 
1735,250 
1736,250 
1737,250 
1738,250 
1739,250 
1740,250 
1741,251 
1742,251 
1743,251 
1744,251 
1745,251 
1746,251 
1747,251 
1748,251 
1749,252 
1750,252 
1751,252 
1752,252 
1753,252 
1754,252 
1755,252 
1756,252 
1757,252 
1758,253 
1759,253 
1760,253 
1761,253 
1762,253 
1763,253 
1764,253 
1765,253 
1766,253 
1767,254 
1768,254 
1769,254 
1770,254 
1771,254 
1772,254 
1773,254 
1774,254 
1775,254 
1776,254 
1777,255 
1778,255 
1779,255 
1780,255 
1781,255 
1782,255 
1783,255 
1784,255 
1785,255 
1786,256 
1787,256 
1788,256 
1789,256 
1790,256 
1791,256 
1792,256 
1793,256 
1794,256 
1795,256 
1796,257 
1797,257 
1798,257 
1799,257 
1800,257 
1801,257 
1802,257 
1803,258 
1804,258 
1805,258 
1806,258 
1807,258 
1808,258 
1809,258 
1810,258 
1811,258 
1812,259 
1813,259 
1814,259 
1815,259 
1816,259 
1817,259 
1818,259 
1819,259 
1820,260 
1821,260 
1822,260 
1823,260 
1824,260 
1825,260 
1826,260 
1827,260 
1828,261 
1829,261 
1830,261 
1831,261 
1832,261 
1833,261 
1834,261 
1835,261 
1836,262 
1837,262 
1838,262 
1839,262 
1840,262 
1841,262 
1842,263 
1843,263 
1844,263 
1845,263 
1846,263 
1847,263 
1848,264 
1849,264 
1850,264 
1851,264 
1852,264 
1853,264 
1854,265 
1855,265 
1856,265 
1857,265 
1858,265 
1859,265 
1860,265 
1861,265 
1862,265 
1863,266 
1864,266 
1865,266 
1866,266 
1867,266 
1868,266 
1869,266 
1870,267 
1871,267 
1872,267 
1873,267 
1874,267 
1875,267 
1876,267 
1877,267 
1878,268 
1879,268 
1880,268 
1881,268 
1882,268 
1883,268 
1884,268 
1885,268 
1886,268 
1887,268 
1888,269 
1889,269 
1890,269 
1891,269 
1892,269 
1893,269 
1894,269 
1895,269 
1896,269 
1897,270 
1898,270 
1899,270 
1900,270 
1901,270 
1902,270 
1903,270 
1904,271 
1905,271 
1906,271 
1907,271 
1908,271 
1909,271 
1910,271 
1911,271 
1912,271 
1913,272 
1914,272 
1915,272 
1916,272 
1917,272 
1918,272 
1919,272 
1920,273 
1921,273 
1922,273 
1923,273 
1924,273 
1925,273 
1926,273 
1927,273 
1928,273 
1929,274 
1930,274 
1931,274 
1932,274 
1933,274 
1934,274 
1935,274 
1936,275 
1937,275 
1938,275 
1939,275 
1940,275 
1941,275 
1942,275 
1943,275 
1944,276 
1945,276 
1946,276 
1947,276 
1948,276 
1949,276 
1950,276 
1951,276 
1952,276 
1953,276 
1954,277 
1955,277 
1956,277 
1957,277 
1958,277 
1959,277 
1960,277 
1961,277 
1962,277 
1963,278 
1964,278 
1965,278 
1966,278 
1967,278 
1968,278 
1969,278 
1970,278 
1971,279 
1972,279 
1973,279 
1974,279 
1975,279 
1976,279 
1977,279 
1978,279 
1979,279 
1980,280 
1981,280 
1982,280 
1983,280 
1984,280 
1985,280 
1986,280 
1987,280 
1988,280 
1989,280 
1990,281 
1991,281 
1992,281 
1993,281 
1994,281 
1995,281 
1996,281 
1997,281 
1998,281 
1999,281 
2000,282 
2001,282 
2002,282 
2003,282 
2004,282 
2005,282 
2006,282 
2007,282 
2008,282 
2009,282 
2010,283 
2011,283 
2012,283 
2013,283 
2014,283 
2015,283 
2016,283 
2017,283 
2018,283 
2019,283 
2020,284 
2021,284 
2022,284 
2023,284 
2024,284 
2025,284 
2026,284 
2027,284 
2028,284 
2029,285 
2030,285 
2031,285 
2032,285 
2033,285 
2034,285 
2035,285 
2036,285 
2037,285 
2038,286 
2039,286 
2040,286 
2041,286 
2042,286 
2043,286 
2044,286 
2045,286 
2046,286 
2047,286 
2048,286 
2049,287 
2050,287 
2051,287 
2052,287 
2053,287 
2054,287 
2055,287 
2056,287 
2057,287 
2058,288 
2059,288 
2060,288 
2061,288 
2062,288 
2063,288 
2064,288 
2065,288 
2066,288 
2067,288 
2068,289 
2069,289 
2070,289 
2071,289 
2072,289 
2073,289 
2074,289 
2075,289 
2076,290 
2077,290 
2078,290 
2079,290 
2080,290 
2081,290 
2082,290 
2083,290 
2084,290 
2085,290 
2086,291 
2087,291 
2088,291 
2089,291 
2090,291 
2091,291 
2092,291 
2093,291 
2094,291 
2095,292 
2096,292 
2097,292 
2098,292 
2099,292 
2100,292 
2101,292 
2102,292 
2103,293 
2104,293 
2105,293 
2106,293 
2107,293 
2108,293 
2109,293 
2110,293 
2111,293 
2112,294 
2113,294 
2114,294 
2115,294 
2116,294 
2117,294 
2118,294 
2119,294 
2120,295 
2121,295 
2122,295 
2123,295 
2124,295 
2125,295 
2126,295 
2127,295 
2128,296 
2129,296 
2130,296 
2131,296 
2132,296 
2133,296 
2134,296 
2135,296 
2136,296 
2137,296 
2138,297 
2139,297 
2140,297 
2141,297 
2142,297 
2143,297 
2144,297 
2145,298 
2146,298 
2147,298 
2148,298 
2149,298 
2150,298 
2151,298 
2152,298 
2153,298 
2154,298 
2155,299 
2156,299 
2157,299 
2158,299 
2159,299 
2160,299 
2161,299 
2162,299 
2163,299 
2164,300 
2165,300 
2166,300 
2167,300 
2168,300 
2169,300 
2170,300 
2171,300 
2172,300 
2173,300 
2174,301 
2175,301 
2176,301 
2177,301 
2178,301 
2179,301 
2180,301 
2181,301 
2182,302 
2183,302 
2184,302 
2185,302 
2186,302 
2187,302 
2188,302 
2189,303 
2190,303 
2191,303 
2192,303 
2193,303 
2194,303 
2195,303 
2196,303 
2197,303 
2198,303 
2199,303 
2200,304 
2201,304 
2202,304 
2203,304 
2204,304 
2205,304 
2206,304 
2207,304 
2208,304 
2209,305 
2210,305 
2211,305 
2212,305 
2213,305 
2214,305 
2215,305 
2216,305 
2217,305 
2218,305 
2219,306 
2220,306 
2221,306 
2222,306 
2223,306 
2224,306 
2225,306 
2226,306 
2227,306 
2228,307 
2229,307 
2230,307 
2231,307 
2232,307 
2233,307 
2234,307 
2235,307 
2236,307 
2237,307 
2238,307 
2239,307 
2240,308 
2241,308 
2242,308 
2243,308 
2244,308 
2245,308 
2246,308 
2247,308 
2248,308 
2249,308 
2250,309 
2251,309 
2252,309 
2253,309 
2254,309 
2255,309 
2256,309 
2257,309 
2258,309 
2259,310 
2260,310 
2261,310 
2262,310 
2263,310 
2264,310 
2265,310 
2266,310 
2267,310 
2268,310 
2269,310 
2270,310 
2271,311 
2272,311 
2273,311 
2274,311 
2275,311 
2276,311 
2277,311 
2278,311 
2279,311 
2280,311 
2281,311 
2282,311 
2283,312 
2284,312 
2285,312 
2286,312 
2287,312 
2288,312 
2289,312 
2290,312 
2291,312 
2292,312 
2293,313 
2294,313 
2295,313 
2296,313 
2297,313 
2298,313 
2299,313 
2300,313 
2301,314 
2302,314 
2303,314 
2304,314 
2305,314 
2306,314 
2307,314 
2308,314 
2309,314 
2310,315 
2311,315 
2312,315 
2313,315 
2314,315 
2315,315 
2316,315 
2317,315 
2318,315 
2319,315 
2320,315 
2321,315 
2322,316 
2323,316 
2324,316 
2325,316 
2326,316 
2327,316 
2328,316 
2329,316 
2330,316 
2331,316 
2332,316 
2333,317 
2334,317 
2335,317 
2336,317 
2337,317 
2338,317 
2339,317 
2340,317 
2341,317 
2342,317 
2343,317 
2344,317 
2345,318 
2346,318 
2347,318 
2348,318 
2349,318 
2350,318 
2351,318 
2352,318 
2353,318 
2354,318 
2355,318 
2356,319 
2357,319 
2358,319 
2359,319 
2360,319 
2361,319 
2362,319 
2363,319 
2364,319 
2365,319 
2366,320 
2367,320 
2368,320 
2369,320 
2370,320 
2371,320 
2372,320 
2373,320 
2374,320 
2375,320 
2376,321 
2377,321 
2378,321 
2379,321 
2380,321 
2381,321 
2382,321 
2383,321 
2384,321 
2385,322 
2386,322 
2387,322 
2388,322 
2389,322 
2390,322 
2391,322 
2392,322 
2393,322 
2394,322 
2395,323 
2396,323 
2397,323 
2398,323 
2399,323 
2400,323 
2401,323 
2402,323 
2403,323 
2404,324 
2405,324 
2406,324 
2407,324 
2408,324 
2409,324 
2410,324 
2411,324 
2412,324 
2413,325 
2414,325 
2415,325 
2416,325 
2417,325 
2418,325 
2419,325 
2420,325 
2421,326 
2422,326 
2423,326 
2424,326 
2425,326 
2426,326 
2427,326 
2428,326 
2429,326 
2430,327 
2431,327 
2432,327 
2433,327 
2434,327 
2435,327 
2436,327 
2437,327 
2438,327 
2439,328 
2440,328 
2441,328 
2442,328 
2443,328 
2444,328 
2445,328 
2446,328 
2447,328 
2448,329 
2449,329 
2450,329 
2451,329 
2452,329 
2453,329 
2454,329 
2455,329 
2456,330 
2457,330 
2458,330 
2459,330 
2460,330 
2461,330 
2462,330 
2463,330 
2464,331 
2465,331 
2466,331 
2467,331 
2468,331 
2469,331 
2470,331 
2471,331 
2472,332 
2473,332 
2474,332 
2475,332 
2476,332 
2477,332 
2478,332 
2479,332 
2480,333 
2481,333 
2482,333 
2483,333 
2484,333 
2485,334 
2486,334 
2487,334 
2488,334 
2489,334 
2490,334 
2491,334 
2492,335 
2493,335 
2494,335 
2495,335 
2496,335 
2497,335 
2498,335 
2499,335 
2500,335 
2501,336 
2502,336 
2503,336 
2504,336 
2505,336 
2506,336 
2507,336 
2508,336 
2509,336 
2510,336 
2511,337 
2512,337 
2513,337 
2514,337 
2515,337 
2516,337 
2517,337 
2518,338 
2519,338 
2520,338 
2521,338 
2522,338 
2523,338 
2524,338 
2525,338 
2526,339 
2527,339 
2528,339 
2529,339 
2530,339 
2531,339 
2532,339 
2533,339 
2534,339 
2535,340 
2536,340 
2537,340 
2538,340 
2539,340 
2540,340 
2541,340 
2542,341 
2543,341 
2544,341 
2545,341 
2546,341 
2547,341 
2548,341 
2549,342 
2550,342 
2551,342 
2552,342 
2553,342 
2554,342 
2555,342 
2556,343 
2557,343 
2558,343 
2559,343 
2560,343 
2561,343 
2562,343 
2563,343 
2564,343 
2565,344 
2566,344 
2567,344 
2568,344 
2569,344 
2570,344 
2571,344 
2572,344 
2573,345 
2574,345 
2575,345 
2576,345 
2577,345 
2578,346 
2579,346 
2580,346 
2581,346 
2582,346 
2583,346 
2584,346 
2585,347 
2586,347 
2587,347 
2588,347 
2589,347 
2590,348 
2591,348 
2592,348 
2593,348 
2594,348 
2595,348 
2596,348 
2597,349 
2598,349 
2599,349 
2600,349 
2601,349 
2602,349 
2603,350 
2604,350 
2605,350 
2606,350 
2607,350 
2608,351 
2609,351 
2610,351 
2611,351 
2612,351 
2613,351 
2614,352 
2615,352 
2616,352 
2617,352 
2618,352 
2619,352 
2620,352 
2621,353 
2622,353 
2623,353 
2624,353 
2625,353 
2626,353 
2627,353 
2628,354 
2629,354 
2630,354 
2631,354 
2632,354 
2633,354 
2634,354 
2635,355 
2636,355 
2637,355 
2638,355 
2639,355 
2640,355 
2641,356 
2642,356 
2643,356 
2644,356 
2645,356 
2646,356 
2647,356 
2648,357 
2649,357 
2650,357 
2651,357 
2652,357 
2653,357 
2654,357 
2655,357 
2656,358 
2657,358 
2658,358 
2659,358 
2660,358 
2661,358 
2662,358 
2663,359 
2664,359 
2665,359 
2666,359 
2667,359 
2668,359 
2669,360 
2670,360 
2671,360 
2672,360 
2673,360 
2674,360 
2675,360 
2676,361 
2677,361 
2678,361 
2679,361 
2680,361 
2681,362 
2682,362 
2683,362 
2684,362 
2685,362 
2686,363 
2687,363 
2688,363 
2689,363 
2690,363 
2691,363 
2692,363 
2693,364 
2694,364 
2695,364 
2696,364 
2697,364 
2698,365 
2699,365 
2700,365 
2701,365 
2702,365 
2703,365 
2704,366 
2705,366 
2706,366 
2707,366 
2708,366 
2709,366 
2710,367 
2711,367 
2712,367 
2713,367 
2714,367 
2715,367 
2716,368 
2717,368 
2718,368 
2719,368 
2720,368 
2721,368 
2722,368 
2723,369 
2724,369 
2725,369 
2726,369 
2727,369 
2728,369 
2729,369 
2730,370 
2731,370 
2732,370 
2733,370 
2734,370 
2735,370 
2736,371 
2737,371 
2738,371 
2739,371 
2740,371 
2741,371 
2742,372 
2743,372 
2744,372 
2745,372 
2746,372 
2747,373 
2748,373 
2749,373 
2750,373 
2751,373 
2752,373 
2753,373 
2754,374 
2755,374 
2756,374 
2757,374 
2758,374 
2759,374 
2760,375 
2761,375 
2762,375 
2763,375 
2764,375 
2765,376 
2766,376 
2767,376 
2768,376 
2769,376 
2770,376 
2771,377 
2772,377 
2773,377 
2774,377 
2775,377 
2776,378 
2777,378 
2778,378 
2779,378 
2780,378 
2781,379 
2782,379 
2783,379 
2784,379 
2785,379 
2786,380 
2787,380 
2788,380 
2789,380 
2790,380 
2791,381 
2792,381 
2793,381 
2794,381 
2795,381 
2796,382 
2797,382 
2798,382 
2799,382 
2800,382 
2801,383 
2802,383 
2803,383 
2804,383 
2805,383 
2806,384 
2807,384 
2808,384 
2809,384 
2810,384 
2811,384 
2812,385 
2813,385 
2814,385 
2815,385 
2816,385 
2817,385 
2818,386 
2819,386 
2820,386 
2821,386 
2822,386 
2823,386 
2824,387 
2825,387 
2826,387 
2827,387 
2828,387 
2829,387 
2830,388 
2831,388 
2832,388 
2833,388 
2834,388 
2835,388 
2836,388 
2837,389 
2838,389 
2839,389 
2840,389 
2841,389 
2842,389 
2843,390 
2844,390 
2845,390 
2846,390 
2847,390 
2848,390 
2849,391 
2850,391 
2851,391 
2852,391 
2853,391 
2854,391 
2855,392 
2856,392 
2857,392 
2858,392 
2859,392 
2860,392 
2861,392 
2862,392 
2863,393 
2864,393 
2865,393 
2866,393 
2867,393 
2868,393 
2869,394 
2870,394 
2871,394 
2872,394 
2873,394 
2874,394 
2875,394 
2876,394 
2877,395 
2878,395 
2879,395 
2880,395 
2881,395 
2882,395 
2883,395 
2884,395 
2885,396 
2886,396 
2887,396 
2888,396 
2889,396 
2890,396 
2891,396 
2892,397 
2893,397 
2894,397 
2895,397 
2896,397 
2897,397 
2898,397 
2899,398 
2900,398 
2901,398 
2902,398 
2903,398 
2904,398 
2905,398 
2906,399 
2907,399 
2908,399 
2909,399 
2910,399 
2911,399 
2912,399 
2913,399 
2914,400 
2915,400 
2916,400 
2917,400 
2918,400 
2919,400 
2920,400 
2921,400 
2922,401 
2923,401 
2924,401 
2925,401 
2926,401 
2927,401 
2928,401 
2929,402 
2930,402 
2931,402 
2932,402 
2933,402 
2934,402 
2935,402 
2936,403 
2937,403 
2938,403 
2939,403 
2940,403 
2941,403 
2942,403 
2943,404 
2944,404 
2945,404 
2946,404 
2947,404 
2948,404 
2949,404 
2950,405 
2951,405 
2952,405 
2953,405 
2954,405 
2955,405 
2956,405 
2957,406 
2958,406 
2959,406 
2960,406 
2961,406 
2962,406 
2963,406 
2964,407 
2965,407 
2966,407 
2967,407 
2968,407 
2969,407 
2970,407 
2971,408 
2972,408 
2973,408 
2974,408 
2975,408 
2976,408 
2977,408 
2978,409 
2979,409 
2980,409 
2981,409 
2982,409 
2983,409 
2984,409 
2985,410 
2986,410 
2987,410 
2988,410 
2989,410 
2990,410 
2991,411 
2992,411 
2993,411 
2994,411 
2995,411 
2996,411 
2997,411 
2998,412 
2999,412 
3000,412 
3001,412 
3002,412 
3003,412 
3004,412 
3005,412 
3006,413 
3007,413 
3008,413 
3009,413 
3010,413 
3011,413 
3012,413 
3013,414 
3014,414 
3015,414 
3016,414 
3017,414 
3018,414 
3019,414 
3020,414 
3021,415 
3022,415 
3023,415 
3024,415 
3025,415 
3026,415 
3027,415 
3028,416 
3029,416 
3030,416 
3031,416 
3032,416 
3033,416 
3034,417 
3035,417 
3036,417 
3037,417 
3038,417 
3039,417 
3040,418 
3041,418 
3042,418 
3043,418 
3044,418 
3045,418 
3046,419 
3047,419 
3048,419 
3049,419 
3050,419 
3051,419 
3052,419 
3053,420 
3054,420 
3055,420 
3056,420 
3057,420 
3058,420 
3059,420 
3060,421 
3061,421 
3062,421 
3063,421 
3064,421 
3065,421 
3066,422 
3067,422 
3068,422 
3069,422 
3070,422 
3071,422 
3072,422 
3073,423 
3074,423 
3075,423 
3076,423 
3077,423 
3078,423 
3079,424 
3080,424 
3081,424 
3082,424 
3083,424 
3084,424 
3085,425 
3086,425 
3087,425 
3088,425 
3089,425 
3090,425 
3091,426 
3092,426 
3093,426 
3094,426 
3095,426 
3096,426 
3097,427 
3098,427 
3099,427 
3100,427 
3101,427 
3102,427 
3103,427 
3104,428 
3105,428 
3106,428 
3107,428 
3108,428 
3109,428 
3110,428 
3111,429 
3112,429 
3113,429 
3114,429 
3115,429 
3116,429 
3117,429 
3118,430 
3119,430 
3120,430 
3121,430 
3122,430 
3123,430 
3124,430 
3125,431 
3126,431 
3127,431 
3128,431 
3129,431 
3130,431 
3131,431 
3132,432 
3133,432 
3134,432 
3135,432 
3136,432 
3137,432 
3138,432 
3139,432 
3140,433 
3141,433 
3142,433 
3143,433 
3144,433 
3145,433 
3146,433 
3147,434 
3148,434 
3149,434 
3150,434 
3151,434 
3152,434 
3153,434 
3154,435 
3155,435 
3156,435 
3157,435 
3158,435 
3159,435 
3160,436 
3161,436 
3162,436 
3163,436 
3164,437 
3165,437 
3166,437 
3167,437 
3168,438 
3169,438 
3170,438 
3171,438 
3172,439 
3173,439 
3174,439 
3175,439 
3176,439 
3177,440 
3178,440 
3179,440 
3180,440 
3181,440 
3182,441 
3183,441 
3184,441 
3185,441 
3186,442 
3187,442 
3188,442 
3189,442 
3190,442 
3191,443 
3192,443 
3193,443 
3194,443 
3195,443 
3196,443 
3197,444 
3198,444 
3199,444 
3200,444 
3201,444 
3202,444 
3203,445 
3204,445 
3205,445 
3206,445 
3207,445 
3208,445 
3209,445 
3210,446 
3211,446 
3212,446 
3213,446 
3214,446 
3215,446 
3216,446 
3217,447 
3218,447 
3219,447 
3220,447 
3221,447 
3222,447 
3223,448 
3224,448 
3225,448 
3226,448 
3227,448 
3228,448 
3229,449 
3230,449 
3231,449 
3232,449 
3233,449 
3234,449 
3235,449 
3236,450 
3237,450 
3238,450 
3239,450 
3240,450 
3241,450 
3242,451 
3243,451 
3244,451 
3245,451 
3246,451 
3247,452 
3248,452 
3249,452 
3250,452 
3251,452 
3252,453 
3253,453 
3254,453 
3255,453 
3256,453 
3257,453 
3258,454 
3259,454 
3260,454 
3261,454 
3262,455 
3263,455 
3264,455 
3265,455 
3266,455 
3267,456 
3268,456 
3269,456 
3270,456 
3271,456 
3272,456 
3273,457 
3274,457 
3275,457 
3276,457 
3277,457 
3278,458 
3279,458 
3280,458 
3281,458 
3282,458 
3283,459 
3284,459 
3285,459 
3286,459 
3287,459 
3288,460 
3289,460 
3290,460 
3291,460 
3292,460 
3293,461 
3294,461 
3295,461 
3296,461 
3297,461 
3298,462 
3299,462 
3300,462 
3301,462 
3302,462 
3303,463 
3304,463 
3305,463 
3306,463 
3307,463 
3308,463 
3309,464 
3310,464 
3311,464 
3312,464 
3313,464 
3314,464 
3315,464 
3316,465 
3317,465 
3318,465 
3319,465 
3320,465 
3321,465 
3322,466 
3323,466 
3324,466 
3325,466 
3326,466 
3327,466 
3328,467 
3329,467 
3330,467 
3331,467 
3332,467 
3333,467 
3334,467 
3335,468 
3336,468 
3337,468 
3338,468 
3339,468 
3340,468 
3341,468 
3342,468 
3343,469 
3344,469 
3345,469 
3346,469 
3347,469 
3348,469 
3349,470 
3350,470 
3351,470 
3352,470 
3353,470 
3354,470 
3355,471 
3356,471 
3357,471 
3358,471 
3359,471 
3360,471 
3361,471 
3362,472 
3363,472 
3364,472 
3365,472 
3366,472 
3367,472 
3368,472 
3369,473 
3370,473 
3371,473 
3372,473 
3373,473 
3374,473 
3375,473 
3376,473 
3377,473 
3378,474 
3379,474 
3380,474 
3381,474 
3382,474 
3383,474 
3384,474 
3385,474 
3386,474 
3387,474 
3388,475 
3389,475 
3390,475 
3391,475 
3392,475 
3393,475 
3394,475 
3395,475 
3396,475 
3397,475 
3398,476 
3399,476 
3400,476 
3401,476 
3402,476 
3403,476 
3404,476 
3405,476 
3406,476 
3407,476 
3408,477 
3409,477 
3410,477 
3411,477 
3412,477 
3413,477 
3414,477 
3415,477 
3416,477 
3417,477 
3418,478 
3419,478 
3420,478 
3421,478 
3422,478 
3423,478 
3424,478 
3425,478 
3426,478 
3427,478 
3428,479 
3429,479 
3430,479 
3431,479 
3432,479 
3433,479 
3434,479 
3435,479 
3436,479 
3437,479 
3438,480 
3439,480 
3440,480 
3441,480 
3442,480 
3443,480 
3444,480 
3445,480 
3446,480 
3447,480 
3448,481 
3449,481 
3450,481 
3451,481 
3452,481 
3453,481 
3454,481 
3455,481 
3456,481 
3457,481 
3458,481 
3459,482 
3460,482 
3461,482 
3462,482 
3463,482 
3464,482 
3465,482 
3466,482 
3467,482 
3468,482 
3469,483 
3470,483 
3471,483 
3472,483 
3473,483 
3474,483 
3475,483 
3476,483 
3477,483 
3478,483 
3479,483 
3480,483 
3481,484 
3482,484 
3483,484 
3484,484 
3485,484 
3486,484 
3487,484 
3488,484 
3489,484 
3490,484 
3491,485 
3492,485 
3493,485 
3494,485 
3495,485 
3496,485 
3497,485 
3498,485 
3499,485 
3500,485 
3501,486 
3502,486 
3503,486 
3504,486 
3505,486 
3506,486 
3507,486 
3508,486 
3509,486 
3510,486 
3511,486 
3512,487 
3513,487 
3514,487 
3515,487 
3516,487 
3517,487 
3518,487 
3519,487 
3520,487 
3521,487 
3522,487 
3523,488 
3524,488 
3525,488 
3526,488 
3527,488 
3528,488 
3529,488 
3530,488 
3531,488 
3532,488 
3533,488 
3534,489 
3535,489 
3536,489 
3537,489 
3538,489 
3539,489 
3540,489 
3541,489 
3542,489 
3543,489 
3544,489 
3545,490 
3546,490 
3547,490 
3548,490 
3549,490 
3550,490 
3551,490 
3552,490 
3553,490 
3554,490 
3555,490 
3556,491 
3557,491 
3558,491 
3559,491 
3560,491 
3561,491 
3562,491 
3563,491 
3564,491 
3565,491 
3566,491 
3567,492 
3568,492 
3569,492 
3570,492 
3571,492 
3572,492 
3573,492 
3574,492 
3575,493 
3576,493 
3577,493 
3578,493 
3579,493 
3580,493 
3581,493 
3582,493 
3583,493 
3584,493 
3585,494 
3586,494 
3587,494 
3588,494 
3589,494 
3590,494 
3591,494 
3592,494 
3593,494 
3594,495 
3595,495 
3596,495 
3597,495 
3598,495 
3599,495 
3600,495 
3601,495 
3602,495 
3603,495 
3604,495 
3605,496 
3606,496 
3607,496 
3608,496 
3609,496 
3610,496 
3611,496 
3612,496 
3613,496 
3614,496 
3615,496 
3616,497 
3617,497 
3618,497 
3619,497 
3620,497 
3621,497 
3622,497 
3623,497 
3624,497 
3625,497 
3626,497 
3627,497 
3628,497 
3629,498 
3630,498 
3631,498 
3632,498 
3633,498 
3634,498 
3635,498 
3636,498 
3637,498 
3638,498 
3639,498 
3640,498 
3641,499 
3642,499 
3643,499 
3644,499 
3645,499 
3646,499 
3647,499 
3648,499 
3649,499 
3650,499 
3651,499 
3652,500 
3653,500 
3654,500 
3655,500 
3656,500 
3657,500 
3658,500 
3659,500 
3660,500 
3661,500 
3662,500 
3663,501 
3664,501 
3665,501 
3666,501 
3667,501 
3668,501 
3669,501 
3670,501 
3671,501 
3672,501 
3673,501 
3674,501 
3675,501 
3676,502 
3677,502 
3678,502 
3679,502 
3680,502 
3681,502 
3682,502 
3683,502 
3684,502 
3685,502 
3686,502 
3687,503 
3688,503 
3689,503 
3690,503 
3691,503 
3692,503 
3693,503 
3694,503 
3695,503 
3696,503 
3697,503 
3698,503 
3699,504 
3700,504 
3701,504 
3702,504 
3703,504 
3704,504 
3705,504 
3706,504 
3707,504 
3708,504 
3709,504 
3710,505 
3711,505 
3712,505 
3713,505 
3714,505 
3715,505 
3716,505 
3717,505 
3718,505 
3719,505 
3720,505 
3721,505 
3722,506 
3723,506 
3724,506 
3725,506 
3726,506 
3727,506 
3728,506 
3729,506 
3730,506 
3731,506 
3732,506 
3733,506 
3734,507 
3735,507 
3736,507 
3737,507 
3738,507 
3739,507 
3740,507 
3741,507 
3742,507 
3743,507 
3744,507 
3745,508 
3746,508 
3747,508 
3748,508 
3749,508 
3750,508 
3751,508 
3752,508 
3753,508 
3754,508 
3755,508 
3756,508 
3757,509 
3758,509 
3759,509 
3760,509 
3761,509 
3762,509 
3763,509 
3764,509 
3765,509 
3766,509 
3767,509 
3768,509 
3769,510 
3770,510 
3771,510 
3772,510 
3773,510 
3774,510 
3775,510 
3776,510 
3777,510 
3778,510 
3779,510 
3780,511 
3781,511 
3782,511 
3783,511 
3784,511 
3785,511 
3786,511 
3787,511 
3788,511 
3789,511 
3790,511 
3791,511 
3792,512 
3793,512 
3794,512 
3795,512 
3796,512 
3797,512 
3798,512 
3799,512 
3800,512 
3801,512 
3802,512 
3803,512 
3804,512 
3805,512 
3806,513 
3807,513 
3808,513 
3809,513 
3810,513 
3811,513 
3812,513 
3813,513 
3814,513 
3815,513 
3816,513 
3817,513 
3818,513 
3819,514 
3820,514 
3821,514 
3822,514 
3823,514 
3824,514 
3825,514 
3826,514 
3827,514 
3828,514 
3829,514 
3830,514 
3831,514 
3832,515 
3833,515 
3834,515 
3835,515 
3836,515 
3837,515 
3838,515 
3839,515 
3840,515 
3841,515 
3842,515 
3843,515 
3844,516 
3845,516 
3846,516 
3847,516 
3848,516 
3849,516 
3850,516 
3851,516 
3852,516 
3853,516 
3854,516 
3855,517 
3856,517 
3857,517 
3858,517 
3859,517 
3860,517 
3861,517 
3862,517 
3863,517 
3864,518 
3865,518 
3866,518 
3867,518 
3868,518 
3869,518 
3870,518 
3871,518 
3872,518 
3873,518 
3874,518 
3875,519 
3876,519 
3877,519 
3878,519 
3879,519 
3880,519 
3881,519 
3882,519 
3883,519 
3884,519 
3885,519 
3886,519 
3887,520 
3888,520 
3889,520 
3890,520 
3891,520 
3892,520 
3893,520 
3894,520 
3895,520 
3896,520 
3897,520 
3898,521 
3899,521 
3900,521 
3901,521 
3902,521 
3903,521 
3904,521 
3905,521 
3906,521 
3907,521 
3908,521 
3909,522 
3910,522 
3911,522 
3912,522 
3913,522 
3914,522 
3915,522 
3916,522 
3917,522 
3918,522 
3919,522 
3920,522 
3921,523 
3922,523 
3923,523 
3924,523 
3925,523 
3926,523 
3927,523 
3928,523 
3929,523 
3930,523 
3931,523 
3932,523 
3933,523 
3934,524 
3935,524 
3936,524 
3937,524 
3938,524 
3939,524 
3940,524 
3941,524 
3942,524 
3943,524 
3944,524 
3945,525 
3946,525 
3947,525 
3948,525 
3949,525 
3950,525 
3951,525 
3952,525 
3953,525 
3954,525 
3955,525 
3956,525 
3957,526 
3958,526 
3959,526 
3960,526 
3961,526 
3962,526 
3963,526 
3964,526 
3965,526 
3966,526 
3967,526 
3968,527 
3969,527 
3970,527 
3971,527 
3972,527 
3973,527 
3974,527 
3975,527 
3976,527 
3977,527 
3978,527 
3979,528 
3980,528 
3981,528 
3982,528 
3983,528 
3984,528 
3985,528 
3986,528 
3987,528 
3988,528 
3989,528 
3990,529 
3991,529 
3992,529 
3993,529 
3994,529 
3995,529 
3996,529 
3997,529 
3998,529 
3999,529 
4000,530 
4001,530 
4002,530 
4003,530 
4004,530 
4005,530 
4006,530 
4007,530 
4008,530 
4009,530 
4010,530 
4011,531 
4012,531 
4013,531 
4014,531 
4015,531 
4016,531 
4017,531 
4018,531 
4019,531 
4020,531 
4021,532 
4022,532 
4023,532 
4024,532 
4025,532 
4026,532 
4027,532 
4028,532 
4029,532 
4030,532 
4031,533 
4032,533 
4033,533 
4034,533 
4035,533 
4036,533 
4037,533 
4038,533 
4039,533 
4040,533 
4041,534 
4042,534 
4043,534 
4044,534 
4045,534 
4046,534 
4047,534 
4048,534 
4049,534 
4050,534 
4051,534 
4052,535 
4053,535 
4054,535 
4055,535 
4056,535 
4057,535 
4058,535 
4059,535 
4060,535 
4061,535 
4062,536 
4063,536 
4064,536 
4065,536 
4066,536 
4067,536 
4068,536 
4069,536 
4070,536 
4071,536 
4072,536 
4073,537 
4074,537 
4075,537 
4076,537 
4077,537 
4078,537 
4079,537 
4080,537 
4081,537 
4082,538 
4083,538 
4084,538 
4085,538 
4086,538 
4087,538 
4088,538 
4089,538 
4090,538 
4091,539 
4092,539 
4093,539 
4094,539 
4095,539 
4096,539 
4097,539 
4098,539 
4099,539 
4100,539 
4101,540 
4102,540 
4103,540 
4104,540 
4105,540 
4106,540 
4107,540 
4108,540 
4109,540 
4110,541 
4111,541 
4112,541 
4113,541 
4114,541 
4115,541 
4116,541 
4117,541 
4118,541 
4119,542 
4120,542 
4121,542 
4122,542 
4123,542 
4124,542 
4125,542 
4126,542 
4127,542 
4128,543 
4129,543 
4130,543 
4131,543 
4132,543 
4133,543 
4134,543 
4135,543 
4136,543 
4137,544 
4138,544 
4139,544 
4140,544 
4141,544 
4142,544 
4143,544 
4144,544 
4145,545 
4146,545 
4147,545 
4148,545 
4149,545 
4150,545 
4151,545 
4152,545 
4153,545 
4154,546 
4155,546 
4156,546 
4157,546 
4158,546 
4159,546 
4160,546 
4161,546 
4162,546 
4163,547 
4164,547 
4165,547 
4166,547 
4167,547 
4168,547 
4169,547 
4170,547 
4171,547 
4172,548 
4173,548 
4174,548 
4175,548 
4176,548 
4177,548 
4178,548 
4179,548 
4180,548 
4181,549 
4182,549 
4183,549 
4184,549 
4185,549 
4186,549 
4187,549 
4188,549 
4189,549 
4190,550 
4191,550 
4192,550 
4193,550 
4194,550 
4195,550 
4196,550 
4197,550 
4198,550 
4199,551 
4200,551 
4201,551 
4202,551 
4203,551 
4204,551 
4205,551 
4206,551 
4207,551 
4208,551 
4209,552 
4210,552 
4211,552 
4212,552 
4213,552 
4214,552 
4215,552 
4216,552 
4217,552 
4218,553 
4219,553 
4220,553 
4221,553 
4222,553 
4223,553 
4224,553 
4225,553 
4226,554 
4227,554 
4228,554 
4229,554 
4230,554 
4231,554 
4232,554 
4233,554 
4234,555 
4235,555 
4236,555 
4237,555 
4238,555 
4239,555 
4240,555 
4241,555 
4242,555 
4243,556 
4244,556 
4245,556 
4246,556 
4247,556 
4248,556 
4249,556 
4250,556 
4251,556 
4252,556 
4253,557 
4254,557 
4255,557 
4256,557 
4257,557 
4258,557 
4259,557 
4260,557 
4261,557 
4262,557 
4263,557 
4264,558 
4265,558 
4266,558 
4267,558 
4268,558 
4269,558 
4270,558 
4271,558 
4272,558 
4273,559 
4274,559 
4275,559 
4276,559 
4277,559 
4278,559 
4279,559 
4280,559 
4281,559 
4282,560 
4283,560 
4284,560 
4285,560 
4286,560 
4287,560 
4288,560 
4289,560 
4290,560 
4291,560 
4292,561 
4293,561 
4294,561 
4295,561 
4296,561 
4297,561 
4298,561 
4299,561 
4300,561 
4301,562 
4302,562 
4303,562 
4304,562 
4305,562 
4306,562 
4307,562 
4308,562 
4309,563 
4310,563 
4311,563 
4312,563 
4313,563 
4314,563 
4315,563 
4316,563 
4317,563 
4318,563 
4319,564 
4320,564 
4321,564 
4322,564 
4323,564 
4324,564 
4325,564 
4326,564 
4327,565 
4328,565 
4329,565 
4330,565 
4331,565 
4332,565 
4333,565 
4334,565 
4335,565 
4336,566 
4337,566 
4338,566 
4339,566 
4340,566 
4341,566 
4342,566 
4343,566 
4344,567 
4345,567 
4346,567 
4347,567 
4348,567 
4349,567 
4350,567 
4351,567 
4352,567 
4353,568 
4354,568 
4355,568 
4356,568 
4357,568 
4358,568 
4359,568 
4360,568 
4361,568 
4362,568 
4363,569 
4364,569 
4365,569 
4366,569 
4367,569 
4368,569 
4369,569 
4370,569 
4371,569 
4372,570 
4373,570 
4374,570 
4375,570 
4376,570 
4377,570 
4378,570 
4379,570 
4380,570 
4381,570 
4382,570 
4383,571 
4384,571 
4385,571 
4386,571 
4387,571 
4388,571 
4389,571 
4390,571 
4391,572 
4392,572 
4393,572 
4394,572 
4395,572 
4396,572 
4397,572 
4398,572 
4399,572 
4400,572 
4401,573 
4402,573 
4403,573 
4404,573 
4405,573 
4406,573 
4407,573 
4408,573 
4409,573 
4410,573 
4411,574 
4412,574 
4413,574 
4414,574 
4415,574 
4416,574 
4417,574 
4418,574 
4419,574 
4420,574 
4421,575 
4422,575 
4423,575 
4424,575 
4425,575 
4426,575 
4427,575 
4428,575 
4429,575 
4430,576 
4431,576 
4432,576 
4433,576 
4434,576 
4435,576 
4436,576 
4437,576 
4438,576 
4439,576 
4440,577 
4441,577 
4442,577 
4443,577 
4444,577 
4445,577 
4446,577 
4447,577 
4448,578 
4449,578 
4450,578 
4451,578 
4452,578 
4453,578 
4454,578 
4455,578 
4456,578 
4457,579 
4458,579 
4459,579 
4460,579 
4461,579 
4462,579 
4463,579 
4464,579 
4465,579 
4466,580 
4467,580 
4468,580 
4469,580 
4470,580 
4471,580 
4472,580 
4473,580 
4474,580 
4475,581 
4476,581 
4477,581 
4478,581 
4479,581 
4480,581 
4481,581 
4482,581 
4483,581 
4484,582 
4485,582 
4486,582 
4487,582 
4488,582 
4489,582 
4490,582 
4491,582 
4492,582 
4493,583 
4494,583 
4495,583 
4496,583 
4497,583 
4498,583 
4499,583 
4500,583 
4501,583 
4502,584 
4503,584 
4504,584 
4505,584 
4506,584 
4507,584 
4508,584 
4509,584 
4510,584 
4511,585 
4512,585 
4513,585 
4514,585 
4515,585 
4516,585 
4517,585 
4518,585 
4519,585 
4520,586 
4521,586 
4522,586 
4523,586 
4524,586 
4525,586 
4526,586 
4527,586 
4528,587 
4529,587 
4530,587 
4531,587 
4532,587 
4533,587 
4534,587 
4535,587 
4536,587 
4537,588 
4538,588 
4539,588 
4540,588 
4541,588 
4542,588 
4543,588 
4544,588 
4545,588 
4546,589 
4547,589 
4548,589 
4549,589 
4550,589 
4551,589 
4552,589 
4553,589 
4554,589 
4555,589 
4556,589 
4557,590 
4558,590 
4559,590 
4560,590 
4561,590 
4562,590 
4563,590 
4564,590 
4565,590 
4566,590 
4567,591 
4568,591 
4569,591 
4570,591 
4571,591 
4572,591 
4573,591 
4574,591 
4575,591 
4576,592 
4577,592 
4578,592 
4579,592 
4580,592 
4581,592 
4582,592 
4583,592 
4584,592 
4585,593 
4586,593 
4587,593 
4588,593 
4589,593 
4590,593 
4591,593 
4592,593 
4593,593 
4594,593 
4595,594 
4596,594 
4597,594 
4598,594 
4599,594 
4600,594 
4601,594 
4602,594 
4603,594 
4604,594 
4605,595 
4606,595 
4607,595 
4608,595 
4609,595 
4610,595 
4611,595 
4612,595 
4613,595 
4614,596 
4615,596 
4616,596 
4617,596 
4618,596 
4619,596 
4620,596 
4621,596 
4622,596 
4623,597 
4624,597 
4625,597 
4626,597 
4627,597 
4628,597 
4629,597 
4630,597 
4631,597 
4632,597 
4633,597 
4634,598 
4635,598 
4636,598 
4637,598 
4638,598 
4639,598 
4640,598 
4641,598 
4642,598 
4643,598 
4644,598 
4645,599 
4646,599 
4647,599 
4648,599 
4649,599 
4650,599 
4651,599 
4652,599 
4653,599 
4654,599 
4655,599 
4656,600 
4657,600 
4658,600 
4659,600 
4660,600 
4661,600 
4662,600 
4663,600 
4664,600 
4665,600 
4666,600 
